25 95
172 1455
1098 1966
1200 499
1745 1151
1838 295
1475 1532
1768 634
1958 1983
1870 820
1759 56
1388 276
1110 385
1402 1463
439 1766
773 1853
960 119
1251 754
242 719
26 1707
1328 1327
896 1320
186 862
1125 56
918 1064
1682 1578
0 1
0 3
0 9
0 10
0 11
1 2
1 3
1 4
1 8
1 9
2 3
2 4
2 6
2 7
2 8
3 4
3 6
3 8
3 9
3 10
4 5
4 7
4 12
4 13
4 15
5 6
5 7
5 8
5 12
5 17
6 7
6 9
6 10
6 11
6 12
7 9
7 13
7 15
7 19
7 21
8 9
8 10
8 12
8 13
8 14
9 10
9 15
9 17
9 20
9 22
10 12
10 16
10 17
10 18
10 19
11 12
11 13
11 14
11 15
11 16
12 15
12 16
12 17
12 18
12 19
13 15
13 16
13 17
13 18
13 19
14 18
14 20
14 21
14 22
15 17
15 19
15 21
15 22
15 24
16 17
16 19
16 23
17 21
17 22
18 19
18 24
19 20
19 21
19 23
19 24
20 21
20 23
21 23
21 24
23 24
