44 189
1159 111
944 1141
78 625
33 300
869 140
573 132
1858 1245
978 1635
489 269
265 345
1014 680
1087 1157
1003 132
1274 240
389 1455
1042 764
27 792
336 1528
688 1338
860 760
377 1327
49 186
1154 1492
1074 236
1828 63
1846 30
131 1088
1320 1708
699 159
161 449
1203 630
1352 1421
370 903
335 967
653 65
1106 1049
1744 1789
1806 1391
770 1832
352 1740
1706 1046
1808 1493
1388 372
694 12
0 2
0 3
0 4
0 5
0 8
1 2
1 5
1 6
1 7
1 8
2 3
2 4
2 5
2 6
2 8
3 5
3 6
3 8
3 10
3 12
4 7
4 8
4 10
4 12
4 17
5 6
5 7
5 11
5 12
5 13
6 9
6 10
6 12
6 13
6 14
7 9
7 11
7 12
7 15
7 16
8 11
8 13
8 16
8 19
8 21
9 10
9 12
9 14
9 15
9 17
10 11
10 13
10 14
10 15
10 18
11 12
11 13
11 16
11 20
11 22
12 13
12 15
12 18
12 19
12 22
13 15
13 16
13 18
13 20
13 22
14 15
14 16
14 17
14 19
14 26
15 17
15 18
15 20
15 21
15 22
16 17
16 18
16 24
16 28
16 29
17 18
17 19
17 20
17 21
17 22
18 22
18 23
18 24
18 25
18 27
19 22
19 24
19 25
19 27
19 29
20 21
20 23
20 26
20 27
20 28
21 23
21 24
21 27
21 30
21 31
22 23
22 24
22 25
22 26
22 27
23 27
23 29
23 30
23 34
23 38
24 26
24 27
24 36
24 38
24 40
25 26
25 28
25 29
25 31
25 33
26 27
26 29
26 32
26 33
26 34
27 28
27 30
27 31
27 32
27 33
28 31
28 32
28 33
28 34
28 37
29 31
29 34
29 36
29 37
29 39
30 31
30 32
30 33
30 34
30 35
31 32
31 36
31 37
31 40
32 33
32 34
32 35
32 38
32 39
33 35
33 37
33 40
33 41
34 35
34 37
34 38
34 40
34 41
35 36
35 37
35 38
35 39
35 40
36 37
36 40
36 41
36 42
37 40
37 42
39 40
40 41
40 43
41 43
42 43
